A=[1 10 200 ; -50 0 -20 ; 44 25 60 ];
B=[1 15 -32 ; 14 20 20 ; 2 5 3];
C=[1 1 1 ; 25 -6 -6; 14 89 300];
A+B+C
A+B-C
A+B-C-10
A/C 
A*B*C
2*A
A^2
A.^2