Accuracy: 0.9811918467832447
Precision: 0.9912108757508694
Recall: 0.970025494418455
